data3D = [0
0.2
0.48
0.7
0.95
1.17
1.4
1.62
1.96
2.15
2.42
2.67
2.87
3.24
3.4
3.71
3.91
4.19
4.45
4.72
4.95
5.25];

data2D = [0
0.2
0.46
0.66
0.83
1.03
1.25
1.53
1.68
1.9
2.18
2.37
2.6
2.9
3.09
3.2
3.59
3.82
3.98
4.16
4.37
4.63];
    
data8D = [0
0.23
0.77
1.02
1.27
2.03
2.5
3.06
3.79
4.46
4.92
5.49
6.1
6.55
7.09
7.58
8.3
8.79
9.55
10.05];

data5D = [0
0.32
0.64
0.94
1.23
1.45
1.75
2.32
2.54
2.8
3.15
3.49
3.73
4.02
4.3
4.77
5.05
5.35
5.65
5.95
6.22
6.55];